0A255.853 307.693 366.733 432.973 506.413B5 4 3 3 2
0A8.658 8.845 9.232 9.629 10.226B13 13 14 14 14
0A1.601 1.682 1.85 1.94 2.12B10 10 9 9 9
1A1496.945 1607.569 1718.65 1832.905 0.0B-72 -76 -81 -85 -90
1A786.573 885.933 943.625 1029.482 0.0B-77 -81 -84 -87 -91
0A252.5 307.7 370.1 439.7 516.5B29 31 32 34 35
1A1374.053 1466.497 1561.193 1301.338 0.0B-76 -80 -84 -87 -91
0A700.897 641.986 733.786 832.786 938.986B-38 -37 -36 -36 -35
1A1016.377 1102.265 1191.73 1285.576 0.0B-77 -80 -84 -88 -92
1A1058.921 1149.088 1269.328 0.0 0.0B81 84 88 92 92
0A276.25 228.26 175.22 129.38 90.74B-5 -5 -5 -5 -5
0A170.53 223.21 283.09 350.17 424.45B4 5 5 6 7
0A7.01 19.37 38.93 65.69 99.65B5 4 3 2 1
0A2.305 2.402 2.501 2.602 2.705B-12 -12 -12 -13 -13
1A1104.913 1192.201 1285.025 1380.233 0.0B-76 -80 -84 -88 -92
1A2419.36 662.056 682.929 710.44 0.0B-94 -96 -94 -92 -90
0A532.754 619.754 713.954 815.354 923.954B-26 -27 -28 -29 -30
1A2243.618 2392.058 1706.018 1817.8 0.0B-78 -79 -81 -85 -90
1 A 1322.073 1415.752 1512.485 1612.781 0.0 B -75 -79 -83 -87 -91
0 A 1415.752 1512.485 1612.781 0.0 3.6 B -79 -83 -87 -91 0
0 A 984.89 897.17 816.65 743.33 677.21 B -24 -25 -26 -27 -28
0 A 454.61 431.69 331.565 316.325 308.285 B -33 -34 -34 -34 -34
0 A 411.245 453.605 503.165 559.925 623.885 B -33 -33 -33 -33 -33
1 A 1168.645 1259.921 1353.745 1451.988 0.0 B -76 -80 -84 -88 -92
0 A 796.865 695.825 601.985 515.345 435.905 B 9 9 9 9 90 A 893.6 784.4 682.4 587.6 500.0 B -1 -2 -3 -4 -6
0 A 27.985 31.298 34.805 38.98 43.405 B -23 -23 -24 -25 -26
1 A 861.965 965.045 1025.962 1114.461 0.0 B -78 -81 -84 -88 -92
0 A 115.394 144.794 181.394 225.194 276.194 B -21 -23 -24 -25 -27
0 A 330.805 359.269 392.138 428.002 466.448 B -43 -46 -48 -50 -53
1 A 949.114 1031.517 1121.165 1210.545 0.0 B -77 -80 -84 -88 -92
